20230602356
20240601408
20240602601
20240602602
20240602603
20240602604
20240602606
20240602607
20240602608
20240602609
20240602610
20240602611
20240602612
20240602613
20240602614
20240602615
20240602617
20240602618
20240602619
20240602620
20240602621
20240602622
20240602623
20240602624
20240602625
20240602626
20240602627
20240602628
20240602629
20240602630
20240602631
20240602632
20240602633
20240602634
20240602636
20240602637
20240602638
20240602639
20240602640
20240602641
20240602642
20240602643
20240602644
20240602645
20240602646
20240602647
20240602648
20240602649
20240919202
20241007333